499 -16.0 0.0 -55.0
422 -16.0 0.0 -55.0
482 -16.0 0.0 -55.0
498 -16.0 0.0 -55.0
609 -16.0 0.0 -55.0
524 -16.0 0.0 -55.0
578 -16.0 0.0 -55.0
455 -16.0 0.0 -55.0
403 -16.0 0.0 -55.0
414 -16.0 0.0 -55.0
582 -16.0 0.0 -55.0
443 -16.0 0.0 -55.0
514 -16.0 0.0 -55.0
600 -16.0 0.0 -55.0
413 -16.0 0.0 -55.0
515 -16.0 0.0 -55.0
400 -16.0 0.0 -55.0
543 -16.0 0.0 -55.0
605 -16.0 0.0 -55.0
459 -16.0 0.0 -55.0
531 -16.0 0.0 -55.0
408 -16.0 0.0 -55.0
552 -16.0 0.0 -55.0
478 -16.0 0.0 -55.0
456 -16.0 0.0 -55.0
554 -16.0 0.0 -55.0